10
0 0
100 0
110 0
120 0
130 0
140 0
150 0
160 0
170 0
180 0
190 0
200 0
20
100 0
100 0
110 0
120 0
130 0
140 0
150 0
160 0
170 0
180 0
190 0
200 0
90 0
80 0
70 0
60 0
50 0
40 0
30 0
20 0
10 0
0 0
500
1597 750
1488 1518
1733 376
637 1460
528 1053
908 1195
694 976
1810 1741
1208 1363
270 1154
31 462
261 1528
298 762
247 207
1898 415
975 1595
1165 563
1212 997
938 1849
556 1466
1001 1463
761 1694
539 670
1535 1747
133 1804
1000 164
366 1261
1692 663
122 39
870 120
453 1845
1715 1617
507 1026
713 1445
974 1269
1011 75
832 1771
1769 1370
541 1404
1216 673
1307 316
837 1673
1576 628
436 1698
666 1305
1818 1119
1249 1632
836 1756
758 1549
1301 1731
917 411
1806 1749
281 1675
1219 821
1178 535
1494 585
850 430
357 525
1058 792
323 1723
197 240
942 1445
1872 1777
1301 729
1425 701
559 442
1111 465
290 1392
239 1508
312 1416
142 1806
100 991
335 457
1516 1393
1248 1839
1215 1444
178 257
989 149
133 389
877 1558
1090 1436
99 300
1900 389
1691 239
1896 103
1655 138
8 1754
1129 343
310 745
1735 1558
683 1050
1101 860
1307 190
1009 1439
579 1886
1097 1668
1421 1195
68 1421
1584 1759
1660 1579
1861 1414
1717 1869
1268 945
312 1578
1690 147
1235 472
1197 436
1332 603
625 440
141 1203
425 1238
971 1846
533 1038
1367 216
896 1126
1795 857
640 1611
826 7
656 1138
1584 445
1284 918
916 580
1353 347
1182 78
787 1323
1281 1212
660 351
1158 1192
1389 624
1407 385
1750 1302
1241 489
1012 167
495 1668
1304 179
212 688
1096 1128
1267 549
1474 548
627 361
1871 7
1573 630
358 830
1822 1746
1454 1329
231 1303
730 1472
1792 1741
1638 387
1508 1042
565 1720
1729 1661
947 1095
310 521
1643 936
881 1613
943 554
343 1300
1383 265
1146 936
1593 1377
339 422
948 231
263 685
618 1771
1727 1182
1590 1555
943 637
750 1252
1157 492
288 138
205 1230
691 548
630 174
812 1776
1109 505
1252 1448
927 299
1678 1189
984 395
1060 810
1577 750
465 620
1386 1214
1872 643
1706 259
781 11
1489 1472
558 218
1645 1370
94 854
1875 1346
401 901
1644 179
190 728
574 1249
1538 251
98 102
870 1484
1315 841
227 1121
1100 1007
1131 688
579 1689
906 323
1159 999
1176 1133
444 1577
134 188
1756 323
916 429
1571 553
679 1669
655 1549
1253 70
490 1479
1190 1589
586 420
377 1164
209 1282
1487 1367
381 763
600 825
439 733
1013 294
1056 28
723 727
581 1402
495 1235
1050 1748
1304 1539
1326 593
1228 12
1013 1604
1176 1222
986 762
689 1366
1524 1288
291 63
121 1303
357 1177
1331 1079
3 11
580 497
1246 1630
345 649
1268 1671
1242 596
1682 354
299 957
1576 1284
1718 364
750 1342
1651 1041
1405 1772
443 1761
1048 1774
940 1050
1785 1520
1547 1130
1249 1892
1779 617
1662 1120
1212 1443
1474 1511
500 1149
895 318
1512 1644
1659 1263
784 1163
1135 1227
1024 282
1101 63
1332 985
1582 979
215 931
970 93
1548 731
1212 860
274 785
470 773
34 1364
1091 1545
1108 849
907 1891
112 142
1218 1135
423 418
1198 1755
1403 880
834 1617
1811 1803
1709 1458
634 1020
417 908
1805 886
1681 1838
350 871
1483 1457
1720 490
1448 1831
631 765
1066 1054
1183 363
909 685
1243 1742
401 1153
1645 209
710 379
1229 1127
1286 1134
112 1066
1071 461
36 654
18 1756
1143 1465
1686 1774
329 852
927 1511
1215 1835
296 557
1677 696
1709 1421
905 519
1799 233
1645 1185
1366 1757
350 537
318 386
1190 335
241 433
1800 27
306 228
878 1233
1739 192
1168 135
749 944
830 558
464 1734
1076 363
66 821
1547 1432
678 1897
68 995
382 1258
1330 623
1690 1229
649 96
1457 1527
1328 1296
1718 595
1430 567
1538 360
1124 102
193 299
464 259
1120 111
1691 1797
107 1758
892 489
1116 321
1111 906
1550 1760
1001 1107
1386 428
502 1204
1023 32
1770 661
391 993
762 584
1292 1226
843 512
1337 633
408 1443
491 1299
31 1606
1620 1142
611 1270
1001 1612
476 487
140 978
1691 1162
1009 1561
1823 1400
654 684
84 46
10 926
557 1346
1559 965
889 149
363 919
1755 83
161 466
1352 1162
177 1827
1649 316
905 1439
1478 14
1100 1400
1414 1753
184 1497
1799 193
523 455
1539 181
1419 527
330 1782
1446 184
1865 1607
649 1316
868 826
1243 616
1141 247
155 719
261 1254
218 1674
1107 401
1270 1005
594 1793
1460 232
73 979
759 402
861 305
586 825
11 1235
240 878
160 1483
1494 1301
1730 1648
120 90
1002 337
1763 209
738 1133
1213 1331
1025 773
1563 1098
1751 422
1500 711
726 186
1536 736
1420 1775
1614 1580
1358 1207
981 1187
955 1100
1277 57
1437 1140
265 274
373 1478
1605 1398
350 1267
595 201
1689 195
912 514
380 547
1250 1800
422 964
1480 1780
271 560
1066 1225
1660 443
1281 1196
1582 1545
1470 55
1122 1174
1452 1472
541 146
1673 329
341 684
842 720
1231 192
619 1652
1155 198
1531 1425
758 697
750 518
1140 130
1713 822
1675 1283
876 897
556 427
468 1096
573 240
1424 913
924 366
1632 254
558 351
6 1712
549 1537
1236 1307
334 85
1824 1473
215 1637
394 1889
1019 1270
886 1575
1696 1353
771 368
1593 294
1280 616
660 1012
869 1217
1363 875
500
1029 12
511 365
1318 844
450 1241
417 664
978 811
653 96
180 1538
1671 1875
991 541
343 683
835 1623
1298 1494
734 267
811 197
1141 1839
208 1652
303 1525
596 752
866 1012
1416 1844
1822 169
39 101
1706 1710
76 797
350 418
1479 1184
140 877
778 874
1144 1588
1071 385
1527 1278
136 1829
903 731
681 1769
1743 197
1712 1664
365 1751
1765 171
1560 1840
967 9
358 546
1193 498
1423 70
1372 666
1657 542
1051 1283
1820 1186
1212 823
17 1893
692 1759
189 503
1522 554
354 1387
724 14
1327 1691
23 1685
336 1215
282 1759
1284 1654
525 1041
295 1575
424 215
861 1636
1037 877
1628 1729
735 1817
331 357
470 685
1744 1193
698 1170
984 720
954 1319
35 1236
1177 1319
989 1702
459 1284
1376 883
1498 336
618 635
1213 346
463 47
263 794
404 733
1478 247
26 276
1416 1009
996 470
427 1030
1705 1604
448 793
1405 907
176 881
1789 1674
1217 507
409 529
853 871
575 1115
1665 979
1847 1243
1225 1872
1518 741
980 613
1210 1407
1642 1015
1111 190
1807 616
1096 83
1496 984
1756 812
1490 264
1341 442
1135 15
1557 899
994 1503
241 318
1475 1759
1059 554
472 368
61 214
1382 1171
403 1289
1786 1498
1371 1382
582 1227
293 172
1491 1633
614 726
1648 270
1624 742
1773 1865
1059 1347
1724 217
1 295
585 61
508 67
1231 910
1356 1116
508 827
597 1089
153 890
1261 1644
623 1874
469 371
243 193
1112 115
157 271
1462 1881
488 1462
275 1073
1522 782
1139 852
1692 594
68 300
1420 665
1389 1573
1554 749
1316 277
722 1785
647 965
77 1759
1080 234
129 641
214 616
202 488
1688 1724
1270 927
676 1062
1521 743
1361 1040
1407 850
713 1061
1598 129
1337 420
13 84
1384 89
1842 564
322 70
1204 535
686 1406
1023 474
1229 392
1401 5
1454 1021
747 915
161 254
1764 873
1315 1461
1001 752
1881 1014
835 1364
1102 776
27 1423
846 1231
58 1532
737 1080
106 66
1472 1506
70 1026
626 817
40 787
1071 1803
1659 485
1364 760
1236 1344
1774 170
808 975
946 834
498 1792
165 556
1424 901
1636 1529
966 1207
1135 1036
333 1760
1852 372
647 1022
275 405
1506 1638
1165 842
1081 1038
1012 1888
113 58
822 610
1849 987
1166 1373
1887 901
1002 953
208 236
89 540
96 40
911 742
1062 1186
1147 668
923 412
1509 104
1450 620
91 1562
677 913
272 626
1899 1437
99 1886
437 1100
939 645
1336 1027
1184 1431
1067 195
273 228
1380 1419
895 403
1830 503
506 1379
1123 596
1041 1799
1509 1312
525 1507
849 623
1493 1286
1723 531
30 1158
1557 1214
689 723
1409 961
951 888
479 1845
1290 409
447 1795
1788 1570
491 929
1469 99
341 93
1606 1189
716 1198
575 538
1729 605
1696 1385
1818 484
208 1326
1444 1158
314 23
1103 1604
431 1550
1499 319
1219 90
1247 787
188 1587
880 1794
876 1595
1092 1450
233 920
154 29
405 72
512 612
1397 56
1770 1711
78 972
1414 509
621 1013
827 1839
1102 174
726 1289
1761 1605
1183 736
1300 374
285 1533
1293 439
1561 1697
510 172
409 7
227 278
1717 305
1250 1231
813 1870
343 1640
1809 1444
1814 635
833 1674
339 115
509 1639
488 794
1271 1780
1232 931
1577 1741
1102 85
1748 1329
362 1564
1634 1612
894 546
1582 1236
286 1491
780 199
225 1612
1872 564
1726 480
302 313
1274 1572
193 605
602 1769
446 1704
1854 293
1133 316
1856 866
27 850
1411 1608
186 1697
1198 965
1895 1423
676 1866
86 501
446 387
814 1719
59 1007
424 660
876 869
464 829
1162 1596
1144 1117
562 1171
67 73
878 252
1769 176
1217 1763
1598 1892
1729 1684
493 274
171 1307
93 229
413 516
889 1289
1385 1352
218 646
1048 1361
1763 1609
632 1830
1681 1510
181 1549
1685 1398
1412 1383
1389 1240
1167 1882
1514 1337
1288 1607
1565 1701
223 554
1089 1607
5 1306
353 1053
767 215
762 1398
144 542
1007 325
191 792
1722 1603
275 1211
942 1441
1192 556
878 580
263 543
380 485
1096 1469
192 1101
875 544
253 1642
759 1014
1140 902
1556 247
1227 1747
1038 1049
1449 1313
359 491
854 1551
1046 1731
230 1309
373 610
1793 1469
179 85
669 1053
628 922
795 1387
36 34
388 1591
280 1615
1437 1318
763 986
730 1122
1476 1583
772 622
1414 1001
30 1786
1611 1823
1354 1789
7 123
942 635
1044 1736
121 1079
1769 509
770 149
223 307
1466 986
1292 296
207 867
1878 978
1488 1392
79 1518
1277 1689
1440 731
1578 1446
853 619
181 1897
454 301
1076 323
810 1845
471 1033
252 36
118 1544
332 324
510 309
1302 98
1700 1380
1615 1077
1169 1155
1808 846
701 761
1465 881
757 18
1182 1833
341 91
1778 812
1123 129
848 1240
1672 1179
1564 282
1487 965
380 1287
445 94
464 1613
1249 372
559 49
1132 123
929 1889
141 210
1821 482
301 1698
1293 1423
1826 240
763 1598
1418 426
1880 1005
1391 359
392 1836
453 856
1549 1701
1227 207
1749 458
330 778
446 471
988 367
952 1288
164 344
811 90
584 1573
1688 101
500
99 1667
1106 1490
126 1497
1425 578
452 1073
379 1679
1280 228
237 1609
1005 683
179 93
1049 1131
1380 1212
1474 290
1302 157
1863 1089
258 62
855 1363
1551 980
960 1075
1558 1412
248 37
1190 1527
264 1426
1236 1269
208 1414
1361 1256
644 841
568 218
1131 1869
375 1093
1057 633
1155 12
95 805
992 1055
1880 650
566 227
686 1756
1754 949
1281 1089
317 1489
603 1678
845 1247
618 1412
1464 1749
1381 1839
942 538
571 196
550 666
1000 1541
1720 979
290 386
1206 975
241 1059
24 1522
247 341
1110 849
118 55
195 736
1466 1659
584 947
1597 1526
1484 268
1721 133
933 820
1674 753
1799 63
1138 1104
1038 1379
262 1062
1000 509
1402 210
1358 1520
264 1552
356 1730
1311 940
776 1007
565 360
1275 385
493 307
1205 267
1060 1103
330 297
307 1367
1676 569
528 775
1077 30
984 534
1549 1248
186 5
1077 1496
944 1853
603 1508
313 1877
1892 806
284 1196
1072 1343
399 1401
1640 705
868 1415
1273 1396
289 450
1426 1273
983 1074
621 1169
1078 1698
764 122
1651 1366
1629 63
1343 1621
869 1626
917 41
1068 1315
1441 807
120 409
322 1393
1805 611
1842 1330
1884 925
504 604
193 1581
401 957
1703 151
423 1431
214 1765
1152 1082
1490 168
1122 658
1483 663
1465 1603
1072 1786
1095 976
496 1037
405 479
61 908
1083 254
589 1483
1211 392
1634 1633
1822 1847
1497 1073
1029 1087
1241 251
1744 823
914 1308
526 86
1194 1620
1061 1690
756 1466
269 817
474 1351
1071 1063
934 381
1454 667
113 1376
614 1610
549 1643
796 1789
1894 640
712 907
48 1237
993 1241
956 153
1031 1712
1619 1299
629 193
750 1699
1255 1683
179 809
450 292
284 1063
1 832
806 797
721 799
1436 1432
1706 1484
768 798
825 1724
951 1855
1536 669
1253 264
861 102
63 216
1785 241
1024 334
533 1307
1397 534
239 302
1330 959
1100 866
490 906
449 1258
1703 1273
1082 753
1227 718
1422 580
981 382
682 1043
597 566
1284 1620
900 1817
1027 396
450 1266
697 1779
324 1797
745 814
802 1193
171 605
566 1253
1357 1793
70 878
472 1051
1260 1154
194 1857
1720 1478
1577 719
1394 703
1115 1843
68 1812
1722 392
1708 567
1205 610
1760 1376
1214 425
728 671
317 798
1549 789
1848 908
43 141
865 1762
1618 541
581 1111
1244 1695
1054 1312
1607 876
1703 1414
1442 1008
124 1301
483 1338
1725 1211
109 142
108 1657
931 55
665 973
195 1529
835 1812
169 1415
1023 1413
1210 176
824 917
1051 626
430 593
1633 554
1893 216
1892 1717
1426 100
1859 1533
1756 889
1588 521
1862 1782
149 796
1694 318
311 817
1730 1521
993 653
537 144
1279 967
736 1012
1521 728
1227 1512
545 752
1611 504
385 1467
1392 72
87 1354
1854 236
250 1648
553 561
564 383
182 1557
1035 718
1700 413
1685 535
1424 1306
1263 751
917 1807
1502 628
410 1887
194 1802
58 281
1255 12
516 1505
1659 1068
165 323
1450 346
1879 585
1064 1678
998 849
313 522
254 1575
1272 1171
1482 874
1799 1891
860 92
1793 918
372 1148
929 888
752 688
55 917
1010 1505
1263 988
189 427
766 1186
1275 1078
1708 1529
753 1079
800 334
52 698
325 912
790 218
1829 1162
1365 858
149 217
1545 204
1134 654
1708 496
1642 1896
922 508
1182 297
1585 989
1826 438
168 726
771 220
1423 1096
1131 313
1313 1060
1474 778
17 1623
995 1562
1826 228
316 1633
724 57
1629 1646
564 911
43 249
1900 1868
687 167
693 1458
387 216
653 1517
528 66
677 102
843 694
1724 1838
355 1650
165 670
1382 888
727 1111
634 1291
121 676
1540 121
644 326
287 1336
1783 674
1552 536
290 180
601 967
282 1444
1660 106
1381 114
1755 1546
784 1237
533 1511
447 1166
901 568
1842 541
688 585
866 975
21 749
1648 1572
1284 38
1752 1885
1004 133
1428 763
239 909
877 93
554 1660
1329 1087
1270 1776
353 271
443 294
811 1131
878 1677
205 898
525 1853
570 1809
1890 422
1793 993
554 1321
1756 792
329 732
885 882
491 313
69 1761
189 421
131 631
714 942
1761 1592
718 66
589 1243
18 1159
1151 8
1580 1044
1001 234
465 856
1026 793
1588 10
1675 179
323 1744
39 511
264 170
1141 977
1111 1002
668 1829
1068 1257
1171 1086
516 421
1093 195
1465 193
429 29
1049 1454
822 736
1463 597
914 1785
440 953
396 703
1122 1537
1680 333
638 448
261 1706
1705 1431
891 320
1852 83
515 1416
276 943
1445 1324
497 366
159 59
963 1073
1844 1402
125 340
205 1247
1876 1884
1579 613
432 1839
419 236
1370 1309
555 1321
1391 1070
837 1666
113 381
1090 609
747 1248
668 1709
421 611
1211 545
950 1415
1792 926
1399 1470
1539 1830
1409 57
165 878
1365 720
298 856
1790 1135
621 2
1515 1711
610 362
1059 1277
171 1479
1888 1382
124 938
896 15
1863 395
1485 1501
325 993
1557 490
1871 1022
1209 269
1877 1099
1403 598
1100 1018
408 1710
1379 1466
1087 1550
1045 1074
1031 1168
112 27
1183 75
421 767
1576 746
1760 1233
1235 1730
500
354 544
98 330
1642 1500
928 842
617 1335
651 96
901 1737
1645 45
911 776
1212 1023
802 495
1097 1223
1261 772
68 1120
104 1302
950 458
1846 1047
788 1587
646 1715
528 1263
1149 1178
1359 150
1015 1103
194 26
1878 1406
1048 780
1900 245
102 1260
1017 170
480 1121
1472 1429
1578 1417
575 465
1103 1221
279 1631
584 1428
909 42
1577 23
1145 1770
49 1123
1276 1096
2 1275
1341 104
635 457
273 1114
1577 1745
643 1254
1261 1218
1719 464
539 97
194 1122
1525 1102
1164 1201
1125 408
1071 1173
1530 446
368 1532
1721 1709
1635 455
265 8
1569 1841
1752 312
1195 1112
1529 1014
1576 168
1110 1769
1289 735
970 552
35 194
960 1106
1367 589
1552 1735
220 1372
1543 1855
1827 1807
1862 1496
1748 1713
1807 1043
925 1436
156 600
1603 1266
469 992
100 1439
1543 135
1632 602
1241 1099
1191 892
933 1411
364 575
1365 291
482 1326
1786 329
1139 1693
1372 164
1228 1527
763 930
893 1232
21 992
770 1564
1127 502
266 467
1600 1457
1359 632
967 1723
1206 431
114 1687
1756 1899
116 995
1692 1488
1158 1019
1114 21
49 107
1252 70
1099 121
1634 325
622 1900
792 321
1456 251
953 522
73 258
952 186
45 808
185 161
1802 1876
1648 1059
995 862
1080 1044
968 431
1114 166
552 847
491 1174
846 1283
1495 401
1533 547
923 1605
805 1874
1791 849
782 76
1009 683
51 756
1742 1046
1618 921
189 685
1352 1303
851 3
249 1341
1176 1095
724 770
1495 356
1316 518
61 220
491 1851
1069 1273
26 178
56 77
934 1797
1123 651
818 1312
1336 270
714 286
272 962
1627 1448
157 450
317 1651
805 1633
268 865
1853 759
816 1022
132 842
1199 187
918 232
84 141
883 902
1452 318
1171 265
603 1442
1227 330
989 1383
779 1306
1134 1584
1039 1402
548 991
261 1364
112 392
305 1311
578 1223
1543 661
1363 525
1562 914
842 833
1179 1445
374 505
1774 1363
1887 652
769 1121
335 1807
622 883
897 882
346 1009
1274 651
419 1851
1873 61
612 1336
586 274
349 1427
1106 1527
971 1480
132 845
943 119
1496 1711
1239 1831
1617 1861
814 614
843 1160
1623 216
1810 142
167 1783
203 779
1218 788
1053 1566
315 259
1193 1286
1738 1324
230 781
1443 1726
591 781
1657 308
741 570
922 1583
1729 645
1799 1638
786 65
1520 989
843 837
1776 1896
503 190
254 1696
1475 92
1119 1705
872 661
1530 1463
1442 1286
1770 283
1856 792
1866 1684
1436 1764
1422 322
1829 1042
1310 771
1879 1185
767 481
1375 1020
276 950
1111 1395
754 83
156 384
1545 1597
1670 1415
1880 1625
306 1845
1409 1742
1708 930
164 1636
71 1473
507 50
758 1273
530 233
393 806
1182 1503
301 36
1586 456
420 1230
153 189
744 132
1814 1050
76 1322
892 1784
352 1055
1519 423
627 126
472 1385
1398 1002
1617 1791
1807 899
1394 207
934 1079
663 1354
408 815
1542 1152
946 1456
301 1022
877 1192
905 1228
347 524
1651 973
649 222
458 147
1223 174
37 1130
1072 1430
1336 106
608 99
1460 1015
913 1102
267 1859
657 567
981 1534
1759 1885
862 205
508 612
1178 1157
833 1635
1303 156
1809 1340
1285 981
869 721
1087 1477
819 646
592 1731
1747 858
1690 503
1424 770
137 1283
755 998
1487 1263
1609 765
519 542
499 1821
697 407
1260 81
1387 229
801 573
1705 1619
1218 396
1450 1065
1253 1240
1568 777
110 1704
160 864
801 1647
226 510
511 744
1051 1009
665 1747
1416 25
1828 902
253 729
1475 58
448 793
454 1898
1857 1707
1237 1524
583 1347
1328 743
310 228
489 536
738 999
1279 1788
107 44
1635 1523
68 1563
524 321
391 99
378 838
891 832
835 848
638 172
472 1220
1518 1799
62 1828
127 551
463 864
1549 1742
752 1656
1785 487
1278 1853
149 1801
274 539
1900 652
1376 891
1483 311
1738 220
483 310
1440 100
208 1502
27 335
152 489
1199 1700
331 50
1455 215
536 832
168 684
733 441
1223 733
1092 699
1623 675
1010 1460
894 1492
1769 433
1592 77
34 1618
412 186
207 1610
1885 537
1660 1440
752 295
372 919
979 1105
1360 302
1837 552
1000 1559
1226 109
1119 219
1601 988
652 1292
1065 686
1010 1476
871 1216
1185 856
1753 944
395 605
1239 767
1524 318
1871 983
620 1807
1534 1619
1466 859
1728 685
1078 1428
1673 1729
820 837
514 1829
412 1384
1145 1597
339 998
641 734
1602 1880
1500 1225
298 1470
307 917
1377 1841
636 943
799 464
1627 1876
1892 1399
1705 811
336 318
739 748
1702 1884
444 141
981 1085
874 682
1065 474
7 1362
43 314
378 1420
254 1014
462 1053
1477 189
1029 1468
1588 833
378 23
1150 1117
770 952
1100 1214
1092 181
398 65
862 1462
539 869
924 581
1182 1302
101 1435
415 563
587 1891
752 1615
1459 439
548 1837
461 1697
1054 1231
749 253
544 1840
434 941
5 1296
503 543
264 1426
1124 1445
827 1225
980 1242
1787 1566
1233 638
1281 791
1076 1828
727 1537
1625 1781
867 473
133 1410
413 567
451 417
1862 954
960 225
480 183
1669 1307
500
1407 749
648 1294
414 1880
31 1695
771 1107
1622 1498
744 1347
1378 1610
1820 1511
1120 332
177 1571
748 138
625 1708
362 1104
1890 131
510 1397
879 1157
790 1293
1137 821
1088 7
28 810
1504 771
256 981
481 175
591 1601
506 767
1272 1254
904 1896
1061 1266
1100 1051
1396 1609
548 375
866 1337
1668 102
258 855
109 285
1664 1612
1056 19
692 1536
194 1283
1237 700
150 608
53 1053
604 1114
419 1703
265 1814
1411 812
289 377
249 56
479 506
911 587
791 674
298 1847
693 990
1483 886
373 819
1586 522
1427 1638
1574 130
852 92
1832 1116
6 1343
28 295
1719 276
351 297
782 1261
884 1573
34 1181
1519 727
271 1102
1613 643
20 1298
1164 1447
1036 838
1576 1887
930 1508
1103 936
950 1130
1230 769
1406 1580
1066 288
940 49
1860 974
1230 1479
1700 1500
680 1412
243 700
810 1407
247 1845
344 1822
1832 1273
1429 1034
308 479
264 1538
1248 1670
1217 413
57 257
462 17
1231 1692
1495 1030
1292 275
542 1534
975 1352
1040 1221
1296 1383
1143 1227
756 672
361 1064
1150 625
701 498
394 18
911 451
274 1372
467 1504
1163 62
634 554
337 1176
188 1311
627 1228
632 23
710 1774
1249 1466
545 1610
629 1694
334 1330
292 728
1347 1202
1178 1621
673 1645
1225 1836
1706 1859
490 142
1134 678
1453 1761
5 184
1783 715
57 1132
280 601
842 909
395 1175
339 686
2 1686
1887 1180
1406 660
924 730
596 730
689 1086
872 1823
1763 424
1683 1768
607 1566
582 664
798 862
1264 1639
1771 1659
914 209
445 915
1894 432
195 1400
1092 1118
230 1687
1848 918
873 819
840 736
1242 623
603 1849
289 1184
612 1086
146 1876
825 16
1634 1738
224 178
753 218
610 947
1617 1701
165 1846
1487 113
863 460
931 1703
1195 272
425 1797
220 713
1081 832
1799 1226
807 723
1241 541
561 1465
719 1313
1682 1328
360 1398
1128 525
1343 715
637 306
1174 1567
108 468
1839 532
365 159
1245 1446
990 1143
771 1797
1866 112
437 526
1576 1155
1838 1357
582 297
854 1709
822 297
523 1458
603 1697
1124 710
264 1063
1242 629
1221 586
174 310
1729 944
206 1694
1055 643
319 731
1797 257
187 479
553 1041
287 1375
1338 810
932 40
606 156
750 870
1218 92
1498 538
678 1671
848 506
715 1054
299 1770
1696 618
600 1593
874 787
171 1427
1828 457
901 1265
1267 1833
1305 1872
88 155
841 1305
246 439
1843 923
209 790
1428 924
1843 1727
794 1639
445 1394
1331 1318
280 1502
845 208
58 1745
1473 1325
1677 877
1296 1765
1032 237
1170 1277
675 1112
299 884
1 1727
1807 1844
1554 701
1583 99
194 1013
1416 474
614 361
681 672
205 253
96 1882
1130 1392
1747 261
1628 1016
1538 402
227 1837
1285 228
1663 1192
171 1317
1892 1753
1415 186
866 931
660 1480
1291 1340
252 1496
1593 348
1478 823
1739 1324
1084 1467
439 721
1869 666
657 1254
893 420
546 1064
1737 538
916 1252
723 1782
282 1382
1362 1573
822 1613
1169 515
60 746
1337 1799
170 521
1366 608
1242 1334
1273 1899
688 266
419 1233
1329 255
1770 345
1507 593
226 1789
75 1587
1461 896
1300 729
1411 1360
1475 848
1259 1644
1368 724
351 709
158 1624
707 845
1889 1125
178 1317
1380 48
1661 986
640 1887
874 714
1574 435
1610 973
1164 1120
433 738
67 1691
481 1435
515 832
243 672
555 950
1517 544
175 1695
1861 1555
1742 1622
641 482
1608 1514
1195 1281
49 905
354 1212
125 786
49 191
577 530
1625 1091
1361 1868
1762 16
918 1379
559 1092
1173 519
747 1014
241 1387
1495 1848
1000 790
1229 1049
1695 1582
360 1819
468 409
110 1044
938 1734
234 398
1702 96
413 719
1475 972
1811 748
1491 657
1761 1731
143 1356
1679 1143
246 1007
291 41
688 651
1859 1156
1059 68
299 97
1802 533
494 1603
629 907
421 203
1879 331
950 1469
987 811
1300 1130
267 1078
372 513
184 662
553 872
1313 511
127 471
579 426
567 480
958 1061
182 1587
68 603
1789 46
934 839
1515 21
1650 915
1150 17
93 1521
529 276
283 1081
1148 1595
1592 1275
166 271
1700 733
750 758
1794 932
444 1861
1535 333
7 568
1171 1522
588 921
536 1738
937 628
1359 1465
904 1642
646 152
1336 338
1426 1502
609 1225
335 1358
82 228
390 525
188 24
858 195
591 129
1716 1179
1049 352
1017 85
980 475
1550 1884
216 296
135 1552
634 1560
1154 1242
884 1488
700 966
1715 1089
1491 3
1112 448
197 1703
576 13
982 1625
365 98
1710 1345
572 1360
1328 788
1655 1463
440 389
1122 1593
1631 106
1180 430
1072 995
1518 662
997 730
1110 1194
533 1686
1207 1514
1410 1571
1611 1220
1016 283
679 444
1071 434
6 1510
822 1128
1202 552
1233 482
982 405
1476 600
1067 572
1330 276
1766 1862
62 1072
1475 1472
743 1186
791 1758
1468 1469
301 638
2 306
248 824
1434 1449
1376 767
30 457
1171 1506
1056 337
177 485
613 43
447 675
1114 21
246 1856
1206 1036
1714 774
605 114
1412 606
420 1659
1430 1853
500
1208 905
719 1238
1361 1890
843 517
326 1020
1002 939
1062 1448
1613 275
1469 1858
231 775
994 44
1549 1598
158 1060
304 578
819 1734
531 126
738 1250
1363 199
1239 305
715 1565
1324 1717
603 486
1265 316
761 833
274 991
1608 1267
1035 1256
965 1192
415 1269
1770 1234
1102 400
1359 1840
1649 822
138 987
1126 853
652 550
669 1255
1036 34
1570 1796
866 1843
886 573
1210 21
1829 275
1212 344
1544 1082
1577 745
1481 1035
684 1229
1856 822
316 1082
1674 967
1632 443
321 767
476 1891
662 1341
1834 1548
14 1144
1568 1842
1418 880
285 1061
61 1861
1806 1542
996 590
871 952
1411 1186
134 1184
253 1765
1627 574
632 202
564 1294
1542 497
941 1556
1640 609
1498 1158
1489 1783
319 1549
1744 225
1191 839
814 161
1791 325
1347 24
1509 1599
1789 1235
272 520
1436 836
1814 1078
1333 854
734 1072
1463 331
330 1051
213 648
700 56
872 1890
895 1686
150 785
110 1496
809 1618
1195 697
952 1467
1217 488
402 1130
1565 1734
84 398
906 1547
729 1235
697 941
1883 1396
997 854
1386 1891
640 1535
775 749
1131 1584
467 425
381 1419
1892 1598
6 393
827 1571
226 911
69 1131
557 797
466 1254
1737 448
749 834
1302 234
824 41
1769 1599
789 1000
1282 1255
1425 1662
774 1416
1360 779
1808 287
450 134
1197 518
1265 1754
1314 1730
1107 1151
278 1856
84 1579
190 907
1619 58
606 508
1058 1887
1763 582
1649 636
97 1108
1415 5
1394 1864
139 691
481 1403
545 1795
1233 1651
1045 1510
1606 1129
1189 1796
136 908
1853 741
1415 1011
728 1278
1592 477
14 1689
1585 1428
1694 1078
1392 1832
1769 1872
1334 413
1766 667
164 911
276 1770
140 1465
1665 275
472 1618
1015 1887
728 1743
1265 420
319 1278
209 3
806 2
1081 297
1833 950
269 1267
1362 135
33 1526
1045 309
1395 1184
1773 1160
1459 344
877 574
331 1605
416 1595
124 734
972 332
736 1778
333 1817
174 266
866 442
1532 328
576 1564
1853 1621
1872 1347
905 1744
606 463
188 1483
1036 518
1187 1451
213 1311
285 1185
1643 1021
1062 76
937 1235
341 1802
1677 1872
229 352
1536 181
72 1508
1528 977
1351 234
1439 1539
1716 574
157 1003
125 369
414 409
1554 156
1430 715
231 466
50 571
368 1726
543 596
178 179
777 250
1686 405
1226 1137
638 764
775 454
1338 932
1457 1463
1301 1870
1872 954
125 1401
1669 355
1866 1718
926 333
1544 1469
929 1722
1647 1706
71 1432
210 1297
668 848
160 1443
1302 1498
475 858
1061 1775
827 1032
829 951
533 597
1306 498
415 331
831 59
1799 1760
1780 1546
1566 1851
1078 1776
1247 1746
723 1407
1288 124
1004 1763
981 165
1637 1807
1196 565
858 1728
1161 263
326 1576
594 1157
1634 493
1017 1513
138 682
1464 1215
557 810
1060 1280
316 448
1403 1320
310 484
1484 47
391 779
611 1248
607 1772
1511 933
1447 204
189 1181
696 1206
793 833
1888 356
148 544
1166 1208
1824 1481
1656 1326
900 65
1810 483
112 300
1262 722
1548 1868
594 1158
901 140
1361 1090
1320 157
395 213
990 382
569 1137
926 1734
444 849
1314 200
275 314
264 184
796 376
484 158
1097 132
125 1690
1289 1025
1830 750
214 1249
906 609
1462 1895
990 131
1132 16
1864 1576
864 1278
1775 1139
1591 139
1322 487
514 1806
644 1610
37 769
1400 1326
1794 1329
175 108
678 1081
716 240
1076 1706
370 307
1721 334
1882 685
1611 1756
1823 1302
1895 1245
1789 508
1150 532
218 1187
1300 1617
612 1194
1046 787
1301 1724
1867 116
64 1043
1822 433
1349 1642
766 1330
426 477
1186 349
1778 1180
1593 1667
1687 842
298 5
128 1598
1622 740
891 767
1526 292
591 1493
407 654
635 329
1087 84
70 1853
1414 496
429 699
844 307
1879 536
73 1666
1378 371
1670 1506
69 1391
345 959
258 1871
1250 849
1464 1657
1502 199
85 689
282 155
641 1695
651 1070
494 1494
1377 473
130 1450
238 1507
1821 8
1112 1889
1398 1457
947 1656
1427 297
604 991
54 206
1189 139
894 1471
293 1535
1265 943
705 1759
537 181
331 666
1631 568
272 1551
575 1384
1539 73
940 586
1728 467
883 432
1457 936
637 746
1074 1531
316 1366
1166 1581
409 1870
1439 945
151 1770
1610 1781
438 1882
1431 1013
1366 1070
1085 406
1655 913
872 637
1345 429
1573 81
1174 746
1612 1489
212 877
1169 621
846 708
1565 996
577 1275
877 1015
1257 408
127 722
1477 1211
1127 1232
224 99
1869 1568
527 1541
1649 1701
387 1361
1289 599
337 558
1219 1183
1266 884
279 1843
258 1155
957 1515
1563 1083
337 1140
394 1464
471 618
1562 440
286 189
80 34
1889 467
1395 1278
1065 1731
1836 384
1014 1201
1267 1292
1144 1525
547 200
1139 210
1283 1476
1349 1676
1039 1819
394 700
359 679
889 439
713 877
905 207
255 70
37 190
453 1051
1391 1720
443 634
1344 989
834 583
1198 216
158 647
1892 1196
566 385
1896 924
1063 884
1362 1775
1761 366
81 115
436 118
305 888
1169 1696
707 1611
429 151
700 1263
733 1897
1478 890
500
644 1470
186 1209
1854 181
232 1017
1064 1593
892 925
59 973
1040 494
1090 1344
1382 359
1139 189
69 1568
339 768
931 1072
765 508
61 1408
78 246
716 31
427 947
1048 1490
640 39
515 698
1011 1554
1192 201
997 673
559 236
861 628
1804 1200
1395 834
371 259
1342 432
1667 1419
678 482
1450 1104
1429 598
694 168
636 1208
866 1647
862 157
1848 1858
830 507
194 1691
1134 98
990 629
931 1361
888 373
1793 654
1792 571
1136 1341
1675 664
38 468
832 674
1676 1697
421 637
1854 368
595 783
875 789
573 109
886 1562
737 1817
1023 1624
289 916
378 181
1486 1513
1521 1260
277 1559
1728 1108
333 1503
905 753
240 858
1120 834
1641 95
1623 313
203 608
1875 939
525 997
663 814
12 1040
994 1498
652 615
857 928
273 684
136 605
287 1041
1357 526
1899 577
1360 1639
671 1082
51 874
1690 25
1812 315
1022 574
1128 1034
1614 221
631 365
835 1488
1293 1108
271 1429
1713 558
569 1170
1083 567
1747 543
305 518
1625 356
1391 1415
380 1302
1729 1402
1876 956
535 1589
1177 1166
54 112
753 1347
1220 1024
876 1032
1581 1444
302 764
111 148
1307 416
665 1031
771 155
546 1151
1457 374
653 1433
1330 1188
1121 607
453 1175
718 1206
622 38
329 1497
1069 10
1040 1371
774 1151
1518 180
1567 283
1210 438
437 1755
1589 1894
229 341
1426 1559
1528 647
265 81
1822 983
1286 543
1020 1615
139 189
1624 1179
1559 498
429 1177
677 96
1459 1886
533 1896
1741 221
1889 70
561 1414
1628 189
161 1893
269 82
975 1554
624 94
1269 762
283 993
41 1842
1490 470
1118 266
565 676
252 1098
671 93
1318 660
162 1879
174 1790
168 334
1782 436
416 856
90 1039
950 1358
1801 1233
451 1842
1174 40
411 391
305 975
1067 557
173 1738
649 1490
497 811
1469 670
700 1636
1003 582
172 1419
1438 261
557 487
1619 458
1720 169
399 993
208 810
1384 513
1785 550
1069 57
388 1717
1547 884
627 1115
1553 1327
851 656
8 1022
174 1445
1283 731
32 1001
1189 1751
1169 1588
844 1377
497 327
1889 381
877 1057
437 1264
874 83
248 1501
1198 1800
928 149
556 935
1170 729
480 552
1459 511
1553 747
362 821
434 1205
298 931
1532 286
1311 509
1343 1748
1773 317
1831 120
1817 1128
20 844
1277 575
1779 546
1303 359
1098 862
869 751
1609 1231
1572 143
536 1869
1073 167
254 484
676 1597
331 548
13 261
668 1830
1389 687
774 765
1261 653
1311 664
1011 509
1526 1880
1259 1234
1210 931
1376 1745
899 549
12 1153
1032 688
849 1363
1235 862
1624 2
791 1113
689 1565
1878 50
317 1289
713 1327
1798 338
1307 1156
1572 616
186 1048
461 1085
1596 473
337 728
1160 1186
191 494
147 1815
496 938
1027 1185
603 1005
1234 919
393 46
346 290
384 1652
1446 55
368 1632
1102 828
816 798
1300 1153
1525 559
438 1716
1053 585
1630 1549
1523 756
833 225
1761 166
1144 253
212 1489
543 595
1241 89
650 1608
1720 1751
536 636
648 1835
1788 273
494 326
88 1547
911 1717
1195 534
573 128
758 433
294 1
686 506
1490 1229
1101 831
1317 1750
538 1136
1600 1074
1772 348
1008 1660
620 1502
85 708
1148 996
525 443
1529 1098
571 387
1531 864
388 316
1369 1878
1545 569
808 961
419 1346
197 118
519 68
466 1527
1727 1086
1128 1812
1794 376
907 418
819 536
1515 1389
922 1145
353 1310
1461 1722
1287 1105
391 194
166 809
1539 362
927 157
429 1392
1684 256
578 911
167 471
1287 1074
888 206
1609 503
1595 631
1648 47
40 1209
1769 1327
414 259
1520 579
1068 1159
940 94
1316 1369
1486 1099
1624 163
110 1791
633 1397
964 1521
1602 673
124 1296
1304 1771
1343 1344
1080 1211
770 1493
1470 389
171 637
1548 1111
730 963
580 316
162 303
478 271
193 1111
1667 1157
732 1369
1829 855
764 1232
726 207
676 1805
1418 1445
1397 987
1834 1568
1623 1481
779 453
544 1358
768 705
1660 1246
976 1853
456 743
1109 1187
212 1038
141 976
370 867
1182 1045
771 699
589 268
1685 523
1835 1408
103 713
1861 647
170 728
1352 1830
73 428
1782 528
1170 991
1715 1382
129 1856
457 499
822 1638
1543 1592
437 232
1859 222
755 1794
1629 858
606 1589
1504 776
417 955
705 489
1383 587
1017 653
1578 832
134 1707
787 590
305 1609
328 1848
1301 764
180 1259
985 934
1153 714
1791 1758
403 1394
634 820
449 1339
1309 1831
25 425
583 1603
1257 717
1409 143
1306 1713
1752 1633
1660 1152
497 1839
510 1482
873 1663
295 763
1521 698
257 254
1517 705
1592 925
636 1617
1350 1219
1319 706
35 827
849 1341
640 700
1074 400
1851 1570
339 461
1151 1211
223 1446
73 1743
243 330
96 1760
1034 1688
784 1670
1404 233
989 823
939 1024
1650 1787
464 389
586 1538
788 537
1207 1127
997 458
437 1220
3 510
1062 246
839 1158
105 1873
945 889
1643 449
1121 731
1271 160
1755 1020
46 318
1409 632
1855 297
1169 1162
1423 265
1619 1860
1484 1622
469 646
0
